26.9 2.0 1.23 1.56 0.085 1.22 0.91 1.24 0.88 2.44 1.81
26.9 2.5 1.50 1.92 0.085 1.44 1.07 1.49 0.87 2.88 2.14
26.9 2.6 1.56 1.98 0.085 1.48 1.10 1.54 0.86 2.96 2.20
33.7 2.0 1.56 1.99 0.106 2.51 1.49 2.01 1.12 5.02 2.98
33.7 2.5 1.92 2.45 0.106 3.00 1.78 2.44 1.11 6.00 3.56
33.7 2.6 1.99 2.54 0.106 3.09 1.84 2.52 1.10 6.19 3.67
33.7 3.0 2.27 2.89 0.106 3.44 2.04 2.84 1.09 6.88 4.08
33.7 3.2 2.41 3.07 0.106 3.60 2.14 2.99 1.08 7.21 4.28
42.4 2.0 1.99 2.54 0.133 5.19 2.45 3.27 1.43 10.38 4.90
42.4 2.5 2.46 3.13 0.133 6.26 2.95 3.99 1.41 12.52 5.91
42.4 2.6 2.55 3.25 0.133 6.46 3.05 4.12 1.41 12.93 6.10
42.4 2.9 2.82 3.60 0.133 7.06 3.33 4.53 1.40 14.11 6.66
42.4 3.0 2.91 3.71 0.133 7.25 3.42 4.67 1.40 14.49 6.84
42.4 3.2 3.09 3.94 0.133 7.62 3.59 4.93 1.39 15.24 7.19
42.4 4.0 3.79 4.83 0.133 8.99 4.24 5.92 1.36 17.98 8.48
48.3 2.0 2.28 2.91 0.152 7.81 3.23 4.29 1.64 15.62 6.47
48.3 2.5 2.82 3.60 0.152 9.46 3.92 5.25 1.62 18.92 7.83
48.3 2.6 2.93 3.73 0.152 9.78 4.05 5.44 1.62 19.55 8.10
48.3 3.0 3.35 4.27 0.152 11.00 4.55 6.17 1.61 22.00 9.11
48.3 3.2 3.56 4.53 0.152 11.59 4.80 6.52 1.60 23.17 9.59
48.3 4.0 4.37 5.57 0.152 13.77 5.70 7.87 1.57 27.54 11.40
60.3 2.0 2.88 3.66 0.189 15.58 5.17 6.80 2.06 31.16 10.34
60.3 2.5 3.56 4.54 0.189 18.99 6.30 8.36 2.05 37.99 12.60
60.3 2.9 4.11 5.23 0.189 21.59 7.16 9.56 2.03 43.18 14.32
60.3 3.0 4.24 5.40 0.189 22.22 7.37 9.86 2.03 44.45 14.74
60.3 3.2 4.51 5.74 0.189 23.47 7.78 10.44 2.02 46.94 15.57
60.3 4.0 5.55 7.07 0.189 28.17 9.34 12.70 2.00 56.35 18.69
60.3 5.0 6.82 8.69 0.189 33.48 11.10 15.33 1.96 66.95 22.21
76.1 2.0 3.65 4.66 0.239 31.98 8.40 10.98 2.62 63.96 16.81
76.1 2.5 4.54 5.78 0.239 39.19 10.30 13.55 2.60 78.37 20.60
76.1 2.9 5.24 6.67 0.239 44.74 11.76 15.55 2.59 89.48 23.52
76.1 3.0 5.41 6.89 0.239 46.10 12.11 16.04 2.59 92.19 24.23
76.1 4.0 7.11 9.06 0.239 59.06 15.52 20.81 2.55 118.11 31.04
76.1 5.0 8.77 11.17 0.239 70.92 18.64 25.32 2.52 141.84 37.28
76.1 6.3 10.80 13.81 0.239 84.82 22.29 30.78 2.48 169.64 44.58
88.9 2.5 5.33 6.79 0.279 63.37 14.26 18.67 3.06 126.75 28.51
88.9 3.0 6.36 8.10 0.279 74.76 16.82 22.15 3.04 149.53 33.64
88.9 3.2 6.76 8.62 0.279 79.21 17.82 23.51 3.03 158.41 35.64
88.9 4.0 8.38 10.67 0.279 96.34 21.67 28.85 3.00 192.68 43.35
88.9 5.0 10.40 13.18 0.279 116.37 26.18 35.24 2.97 232.75 52.36
88.9 6.0 12.30 15.63 0.279 134.94 30.36 41.31 2.94 269.88 60.72
88.9 6.3 12.80 16.35 0.279 140.24 31.55 43.07 2.93 280.47 63.10
101.6 2.5 6.11 7.78 0.319 95.61 18.82 24.56 3.50 191.22 37.64
101.6 3.0 7.29 9.29 0.319 113.04 22.25 29.17 3.49 226.07 44.50
101.6 3.6 8.70 11.08 0.319 133.24 26.23 34.59 3.47 266.47 52.46
101.6 4.0 9.63 12.26 0.319 146.28 28.80 38.12 3.45 292.57 57.59
101.6 5.0 11.90 15.17 0.319 177.47 34.93 46.70 3.42 354.94 69.87
101.6 6.0 14.20 18.02 0.319 206.68 40.68 54.91 3.39 413.35 81.37
101.6 6.3 14.80 18.86 0.319 215.07 42.34 57.30 3.38 430.13 84.67
108.0 2.5 6.50 8.29 0.339 115.35 21.36 27.83 3.73 230.69 42.72
108.0 3.0 7.77 9.90 0.339 136.49 25.28 33.08 3.71 272.98 50.55
108.0 3.6 9.27 11.81 0.339 161.06 29.83 39.25 3.69 322.11 59.65
108.0 4.0 10.30 13.07 0.339 176.95 32.77 43.29 3.68 353.91 65.54
108.0 5.0 12.70 16.18 0.339 215.06 39.83 53.09 3.65 430.12 79.65
108.0 6.0 15.10 19.23 0.339 250.91 46.46 62.50 3.61 501.81 92.93
108.0 6.3 15.80 20.13 0.339 261.23 48.38 65.24 3.60 522.46 96.75
114.3 2.5 6.89 8.78 0.359 137.26 24.02 31.25 3.95 274.52 48.03
114.3 3.0 8.23 10.49 0.359 162.55 28.44 37.17 3.94 325.10 56.88
114.3 3.6 9.83 12.52 0.359 191.98 33.59 44.13 3.92 383.97 67.19
114.3 4.0 10.90 13.86 0.359 211.07 36.93 48.69 3.90 422.13 73.86
114.3 5.0 13.50 17.17 0.359 256.92 44.96 59.77 3.87 513.84 89.91
114.3 6.0 16.00 20.41 0.359 300.21 52.53 70.45 3.83 600.42 105.06
114.3 6.3 16.80 21.38 0.359 312.71 54.72 73.57 3.82 625.43 109.44
127.0 2.5 7.68 9.78 0.399 189.53 29.85 38.76 4.40 379.06 59.70
127.0 3.0 9.17 11.69 0.399 224.75 35.39 46.14 4.39 449.50 70.79
127.0 4.0 12.10 15.46 0.399 292.61 46.08 60.54 4.35 585.23 92.16
127.0 5.0 15.00 19.16 0.399 357.14 56.24 74.46 4.32 714.28 112.48
127.0 6.0 17.90 22.81 0.399 418.44 65.90 87.92 4.28 836.88 131.79
127.0 6.3 18.80 23.89 0.399 436.22 68.70 91.86 4.27 872.44 137.39
133.0 2.5 8.05 10.25 0.418 218.27 32.82 42.58 4.61 436.54 65.64
133.0 3.0 9.62 12.25 0.418 258.97 38.94 50.71 4.60 517.93 77.88
133.0 4.0 12.70 16.21 0.418 337.53 50.76 66.59 4.56 675.05 101.51
133.0 5.0 15.80 20.11 0.418 412.40 62.02 81.96 4.53 824.81 124.03
133.0 6.0 18.80 23.94 0.418 483.72 72.74 96.85 4.50 967.43 145.48
133.0 6.3 19.70 25.08 0.418 504.43 75.85 101.22 4.49 1008.86 151.71
139.7 3.0 10.10 12.88 0.439 301.09 43.11 56.07 4.83 602.18 86.21
139.7 4.0 13.40 17.05 0.439 392.86 56.24 73.68 4.80 785.72 112.49
139.7 5.0 16.60 21.16 0.439 480.54 68.80 90.76 4.77 961.08 137.59
139.7 6.0 19.80 25.20 0.439 564.26 80.78 107.33 4.73 1128.52 161.56
139.7 6.3 20.70 26.40 0.439 588.62 84.27 112.20 4.72 1177.24 168.54
139.7 8.0 26.00 33.10 0.439 720.29 103.12 138.93 4.66 1440.58 206.24
139.7 10.0 32.00 40.75 0.439 861.89 123.39 168.55 4.60 1723.79 246.78
152.4 3.0 11.10 14.08 0.479 393.01 51.58 66.07 5.28 786.03 103.15
152.4 4.0 14.60 18.65 0.479 513.73 67.42 88.11 5.25 1027.46 134.84
152.4 5.0 18.20 23.15 0.479 629.54 82.62 108.68 5.21 1259.08 165.23
152.4 6.0 21.70 27.60 0.479 740.56 97.19 128.67 5.18 1481.13 194.37
152.4 6.3 22.70 28.92 0.479 772.96 101.44 134.56 5.17 1545.92 202.88
159.0 3.0 11.50 14.70 0.500 447.42 56.28 73.02 5.52 894.84 112.56
159.0 4.0 15.30 19.48 0.500 585.33 73.63 96.12 5.48 1170.67 147.25
159.0 5.0 19.00 24.19 0.500 717.88 90.30 118.62 5.45 1435.75 180.60
159.0 6.0 22.60 28.84 0.500 845.19 106.31 140.53 5.41 1690.37 212.63
159.0 6.3 23.70 30.22 0.500 882.38 110.99 146.98 5.40 1764.76 221.98
168.3 3.0 12.20 15.58 0.529 532.28 63.25 81.98 5.85 1064.57 126.51
168.3 3.2 13.00 16.60 0.529 565.74 67.23 87.24 5.84 1131.47 134.46
168.3 4.0 16.20 20.65 0.529 697.09 82.84 108.00 5.81 1394.18 165.68
168.3 4.5 18.20 23.16 0.529 777.22 92.36 120.77 5.79 1554.43 184.72
168.3 5.0 20.10 25.65 0.529 855.85 101.70 133.38 5.78 1711.69 203.41
168.3 6.0 24.00 30.59 0.529 1008.69 119.87 158.12 5.74 2017.39 239.74
168.3 6.3 25.20 32.06 0.529 1053.42 125.18 165.42 5.73 2106.84 250.37
168.3 8.0 31.60 40.29 0.529 1297.27 154.16 205.74 5.67 2594.54 308.32
168.3 10.0 39.00 49.73 0.529 1563.98 185.86 250.92 5.61 3127.97 371.71
193.7 4.0 18.70 23.84 0.609 1072.79 110.77 143.97 6.71 2145.58 221.54
193.7 5.0 23.30 29.64 0.609 1320.23 136.32 178.08 6.67 2640.46 272.63
193.7 6.0 27.80 35.38 0.609 1559.72 161.05 211.46 6.64 3119.45 322.09
193.7 6.3 29.10 37.09 0.609 1630.05 168.31 221.33 6.63 3260.09 336.61
193.7 8.0 36.60 46.67 0.609 2015.54 208.11 276.05 6.57 4031.07 416.22
193.7 10.0 45.30 57.71 0.609 2441.59 252.10 337.79 6.50 4883.18 504.20
193.7 12.5 55.90 71.16 0.609 2934.31 302.97 411.07 6.42 5868.62 605.95
219.1 4.0 21.20 27.03 0.688 1563.84 142.75 185.09 7.61 3127.67 285.50
219.1 4.5 23.80 30.34 0.688 1747.24 159.49 207.27 7.59 3494.48 318.98
219.1 5.0 26.40 33.63 0.688 1928.04 176.00 229.24 7.57 3856.08 351.99
219.1 6.0 31.50 40.17 0.688 2281.95 208.30 272.54 7.54 4563.89 416.60
219.1 6.3 33.10 42.12 0.688 2386.14 217.81 285.37 7.53 4772.28 435.63
219.1 8.0 41.70 53.06 0.688 2959.63 270.16 356.68 7.47 5919.26 540.33
219.1 10.0 51.60 65.69 0.688 3598.44 328.47 437.56 7.40 7196.88 656.95
219.1 12.5 63.70 81.13 0.688 4344.58 396.58 534.20 7.32 8689.16 793.17
244.5 6.0 35.29 44.96 0.768 3198.53 261.64 341.37 8.43 6397.07 523.28
244.5 8.0 46.66 59.44 0.768 4160.45 340.32 447.63 8.37 8320.89 680.65
244.5 10.0 57.83 73.67 0.768 5073.15 414.98 550.24 8.30 10146.29 829.96
244.5 12.5 71.52 91.11 0.768 6147.42 502.86 673.45 8.21 12294.83 1005.71
273.0 4.0 26.50 33.80 0.858 3058.25 224.05 289.47 9.51 6116.50 448.09
273.0 5.0 33.10 42.10 0.858 3780.81 276.98 359.16 9.48 7561.63 553.97
273.0 6.0 39.50 50.33 0.858 4487.08 328.72 427.81 9.44 8974.17 657.45
273.0 6.3 41.40 52.79 0.858 4695.82 344.02 448.20 9.43 9391.64 688.03
273.0 8.0 52.30 66.60 0.858 5851.71 428.70 561.97 9.37 11703.43 857.39
273.0 10.0 64.90 82.62 0.858 7154.09 524.11 692.02 9.31 14308.18 1048.22
273.0 12.5 80.30 102.30 0.858 8697.45 637.18 848.90 9.22 17394.90 1274.35
323.9 4.0 31.60 40.20 1.018 5143.16 317.58 409.37 11.31 10286.33 635.15
323.9 5.0 39.30 50.09 1.018 6369.42 393.30 508.53 11.28 12738.85 786.59
323.9 6.0 47.00 59.92 1.018 7572.47 467.58 606.43 11.24 15144.93 935.16
323.9 6.3 49.30 62.86 1.018 7928.90 489.59 635.56 11.23 15857.79 979.18
323.9 8.0 62.30 79.39 1.018 9910.08 611.92 798.51 11.17 19820.16 1223.84
323.9 10.0 77.40 98.61 1.018 12158.34 750.75 985.67 11.10 24316.68 1501.49
323.9 12.5 96.00 122.29 1.018 14846.53 916.74 1212.78 11.02 29693.05 1833.47