# -*- coding: utf-8 -*-
# Copyright 2022 Kristo Mela
# This source code is licensed under the MIT license. See LICENSE in the repository root directory.
# Author(s): Kristo Mela
25 x 25 2.0 1.36 1.74 0.093 1.48 1.19 1.47 0.92 2.53 1.80
25 x 25 2.5 1.64 2.09 0.091 1.69 1.35 1.71 0.90 2.97 2.07
25 x 25 3.0 1.89 2.41 0.090 1.84 1.47 1.91 0.87 3.33 2.27
30 x 30 2.0 1.68 2.14 0.113 2.72 1.81 2.21 1.13 4.54 2.75
30 x 30 2.5 2.03 2.59 0.111 3.16 2.10 2.61 1.10 5.40 3.20
30 x 30 3.0 2.36 3.01 0.110 3.50 2.34 2.96 1.08 6.15 3.58
40 x 40 2.0 2.31 2.94 0.153 6.94 3.47 4.13 1.54 11.28 5.23
40 x 40 2.5 2.82 3.59 0.151 8.22 4.11 4.97 1.51 13.61 6.21
40 x 40 3.0 3.30 4.21 0.150 9.32 4.66 5.72 1.49 15.75 7.07
40 x 40 4.0 4.20 5.35 0.146 11.07 5.54 7.01 1.44 19.44 8.48
50 x 50 2.0 2.93 3.74 0.193 14.15 5.66 6.66 1.95 22.63 8.51
50 x 50 2.5 3.60 4.59 0.191 16.94 6.78 8.07 1.92 27.53 10.22
50 x 50 3.0 4.25 5.41 0.190 19.47 7.79 9.39 1.90 32.13 11.76
50 x 50 4.0 5.45 6.95 0.186 23.74 9.49 11.73 1.85 40.42 14.43
50 x 50 5.0 6.56 8.36 0.183 27.04 10.82 13.70 1.80 47.46 16.56
60 x 60 2.0 3.56 4.54 0.233 25.14 8.38 9.79 2.35 39.79 12.59
60 x 60 2.5 4.39 5.59 0.231 30.34 10.11 11.93 2.33 48.66 15.22
60 x 60 3.0 5.19 6.61 0.230 35.13 11.71 13.95 2.31 57.09 17.65
60 x 60 4.0 6.71 8.55 0.226 43.55 14.52 17.64 2.26 72.64 21.97
60 x 60 5.0 8.13 10.36 0.223 50.49 16.83 20.88 2.21 86.42 25.61
70 x 70 2.5 5.17 6.59 0.271 49.41 14.12 16.54 2.74 78.49 21.22
70 x 70 3.0 6.13 7.81 0.270 57.53 16.44 19.42 2.71 92.42 24.74
70 x 70 4.0 7.97 10.15 0.266 72.12 20.61 24.76 2.67 118.52 31.11
70 x 70 5.0 9.70 12.36 0.263 84.63 24.18 29.56 2.62 142.21 36.65
80 x 80 2.5 5.96 7.59 0.311 75.15 18.79 21.9 3.15 118.52 28.22
80 x 80 3.0 7.07 9.01 0.310 87.84 21.96 25.78 3.12 139.93 33.02
80 x 80 4.0 9.22 11.75 0.306 111.04 27.76 33.07 3.07 180.44 41.84
80 x 80 5.0 11.30 14.36 0.303 131.44 32.86 39.74 3.03 217.83 49.68
80 x 80 6.0 13.20 16.83 0.299 149.18 37.29 45.79 2.98 252.07 56.59
90 x 90 2.5 6.74 8.59 0.351 108.55 24.12 28.00 3.56 170.26 36.23
90 x 90 3.0 8.01 10.21 0.350 127.28 28.29 33.04 3.53 201.42 42.51
90 x 90 4.0 10.50 13.35 0.346 161.92 35.98 42.58 3.48 260.80 54.17
90 x 90 5.0 12.80 16.36 0.343 192.93 42.87 51.41 3.43 316.26 64.70
90 x 90 6.0 15.10 19.23 0.339 220.48 49.00 59.54 3.39 367.76 74.16
100 x 100 2.5 7.53 9.59 0.391 150.63 30.13 34.86 3.96 235.21 45.23
100 x 100 3.0 8.96 11.41 0.390 177.05 35.41 41.21 3.94 278.68 53.19
100 x 100 4.0 11.70 14.95 0.386 226.35 45.27 53.30 3.89 362.01 68.10
100 x 100 5.0 14.40 18.36 0.383 271.10 54.22 64.59 3.84 440.52 81.72
100 x 100 6.0 17.00 21.63 0.379 311.47 62.29 75.10 3.79 514.16 94.12
100 x 100 7.1 19.40 24.65 0.370 340.13 68.03 83.59 3.71 589.17 105.56
100 x 100 8.0 21.40 27.24 0.366 365.94 73.19 91.05 3.67 644.51 114.23
100 x 100 10.0 25.60 32.57 0.357 411.08 82.22 105.25 3.55 749.84 130.10
110 x 110 2.5 8.31 10.59 0.431 202.38 36.80 42.47 4.37 314.86 55.23
110 x 110 3.0 9.90 12.61 0.430 238.34 43.33 50.27 4.35 373.51 65.07
110 x 110 4.0 13.00 16.55 0.426 305.94 55.62 65.21 4.30 486.47 83.63
110 x 110 5.0 16.00 20.36 0.423 367.95 66.90 79.27 4.25 593.60 100.74
110 x 110 6.0 18.90 24.03 0.419 424.57 77.19 92.46 4.20 694.85 116.47
120 x 120 3.0 10.80 13.81 0.470 312.35 52.06 60.24 4.76 487.72 78.15
120 x 120 4.0 14.30 18.15 0.466 402.28 67.05 78.33 4.71 636.57 100.75
120 x 120 5.0 17.60 22.36 0.463 485.47 80.91 95.45 4.66 778.50 121.75
120 x 120 5.6 19.50 24.82 0.461 532.25 88.71 105.26 4.63 860.31 133.61
120 x 120 6.0 20.80 26.43 0.459 562.16 93.69 111.61 4.61 913.46 141.22
120 x 120 7.1 23.80 30.33 0.449 623.30 103.88 125.65 4.53 1056.01 160.08
120 x 120 8.0 26.40 33.64 0.446 676.88 112.81 137.81 4.49 1162.95 174.58
120 x 120 8.8 28.60 36.48 0.442 719.88 119.98 147.89 4.44 1252.41 186.45
120 x 120 10.0 31.80 40.57 0.437 776.81 129.47 161.82 4.38 1376.41 202.52
140 x 140 4.0 16.80 21.35 0.546 651.62 93.09 108.15 5.52 1023.32 139.80
140 x 140 5.0 20.70 26.36 0.543 790.56 112.94 132.30 5.48 1255.76 169.78
140 x 140 5.6 23.00 29.30 0.541 869.55 124.22 146.25 5.45 1390.71 186.87
140 x 140 6.0 24.50 31.23 0.539 920.43 131.49 155.33 5.43 1478.77 197.90
140 x 140 7.1 28.30 36.01 0.529 1031.40 147.34 176.27 5.35 1718.74 225.95
140 x 140 8.0 31.40 40.04 0.526 1126.77 160.97 194.18 5.30 1900.84 247.69
140 x 140 8.8 34.20 43.52 0.522 1205.03 172.15 209.23 5.26 2055.40 265.79
140 x 140 10.0 38.10 48.57 0.517 1311.67 187.38 230.38 5.20 2273.90 290.85
150 x 150 4.0 18.00 22.95 0.586 807.82 107.71 124.87 5.93 1264.76 161.73
150 x 150 5.0 22.30 28.36 0.583 982.12 130.95 152.98 5.89 1554.13 196.79
150 x 150 6.0 26.40 33.63 0.579 1145.91 152.79 179.88 5.84 1832.69 229.84
150 x 150 7.1 30.50 38.85 0.569 1289.35 171.91 204.78 5.76 2134.21 263.13
150 x 150 8.0 34.00 43.24 0.566 1411.83 188.24 225.96 5.71 2364.08 289.03
150 x 150 8.8 36.90 47.04 0.562 1513.12 201.75 243.86 5.67 2560.17 310.72
150 x 150 10.0 41.30 52.57 0.557 1652.53 220.34 269.17 5.61 2839.24 340.98
150 x 150 12.5 48.70 62.04 0.536 1817.44 242.33 305.58 5.41 3320.84 389.30
160 x 160 4.0 19.30 24.55 0.626 987.17 123.40 142.78 6.34 1541.45 185.25
160 x 160 5.0 23.80 30.36 0.623 1202.36 150.29 175.16 6.29 1896.32 225.79
160 x 160 6.0 28.30 36.03 0.619 1405.48 175.69 206.24 6.25 2238.90 264.18
160 x 160 7.1 32.70 41.69 0.609 1587.01 198.38 235.41 6.17 2611.42 303.15
160 x 160 8.0 36.50 46.44 0.606 1741.23 217.65 260.14 6.12 2896.58 333.56
160 x 160 8.8 39.70 50.56 0.602 1869.59 233.70 281.12 6.08 3140.82 359.16
160 x 160 10.0 44.40 56.57 0.597 2047.67 255.96 310.95 6.02 3490.29 395.10
160 x 160 12.0 50.90 64.86 0.578 2224.36 278.05 346.05 5.86 3996.72 443.13
160 x 160 12.5 52.60 67.04 0.576 2275.04 284.38 355.66 5.83 4113.99 454.58
180 x 180 5.0 27.00 34.36 0.703 1736.87 192.99 224.02 7.11 2724.16 289.81
180 x 180 6.0 32.10 40.83 0.699 2036.52 226.28 264.35 7.06 3222.65 340.05
180 x 180 7.1 37.20 47.37 0.689 2312.84 256.98 303.07 6.99 3768.11 391.70
180 x 180 8.0 41.50 52.84 0.686 2545.86 282.87 335.70 6.94 4188.56 432.21
180 x 180 8.8 45.20 57.60 0.682 2741.73 304.64 363.58 6.90 4550.90 466.57
180 x 180 10.0 50.70 64.57 0.677 3016.80 335.20 403.51 6.84 5073.57 515.31
180 x 180 12.5 60.50 77.04 0.656 3406.43 378.49 467.08 6.65 6049.85 600.06
200 x 200 5.0 30.10 38.36 0.783 2410.09 241.01 278.87 7.93 3763.30 361.82
200 x 200 6.0 35.80 45.63 0.779 2832.75 283.27 329.67 7.88 4458.81 425.51
200 x 200 7.1 41.60 53.05 0.769 3231.60 323.16 379.25 7.81 5222.90 491.61
200 x 200 8.0 46.50 59.24 0.766 3566.25 356.63 420.86 7.76 5815.18 543.64
200 x 200 8.8 50.80 64.64 0.762 3849.59 384.96 456.59 7.72 6327.89 588.05
200 x 200 10.0 57.00 72.57 0.757 4251.06 425.11 508.08 7.65 7071.73 651.48
200 x 200 12.5 68.30 87.04 0.736 4859.42 485.94 593.50 7.47 8501.74 765.47
220 x 220 6.0 39.60 50.43 0.859 3813.36 346.67 402.18 8.70 5976.18 520.57
220 x 220 7.1 46.10 58.73 0.849 4366.03 396.91 463.95 8.62 7009.86 602.86
220 x 220 8.0 51.50 65.64 0.846 4828.01 438.91 515.62 8.58 7814.84 667.86
220 x 220 8.8 56.30 71.68 0.842 5221.35 474.67 560.17 8.53 8514.01 723.58
220 x 220 10.0 63.20 80.57 0.837 5782.46 525.68 624.65 8.47 9532.77 803.62
220 x 220 12.5 76.20 97.04 0.816 6673.98 606.73 734.92 8.29 11529.63 950.82
250 x 250 6.0 45.20 57.63 0.979 5672.00 453.76 524.45 9.92 8842.52 681.15
250 x 250 7.1 52.80 67.25 0.969 6521.74 521.74 606.97 9.85 10387.69 791.03
250 x 250 8.0 59.10 75.24 0.966 7229.20 578.34 675.77 9.80 11597.77 878.18
250 x 250 8.8 64.60 82.24 0.962 7835.39 626.83 735.33 9.76 12652.72 953.27
250 x 250 10.0 72.70 92.57 0.957 8706.67 696.53 822.00 9.70 14197.22 1061.80
250 x 250 12.5 88.00 112.04 0.936 10161.31 812.91 975.17 9.52 17282.65 1266.25
260 x 260 6.0 47.10 60.03 1.019 6404.54 492.66 568.80 10.33 9969.77 739.48
260 x 260 7.1 55.00 70.09 1.009 7372.75 567.13 658.90 10.26 11716.64 859.43
260 x 260 8.0 61.60 78.44 1.006 8178.02 629.08 733.95 10.21 13086.86 954.68
260 x 260 8.8 67.30 85.76 1.002 8869.18 682.24 799.00 10.17 14282.62 1036.86
260 x 260 10.0 75.80 96.57 0.997 9864.65 758.82 893.78 10.11 16035.47 1155.85
260 x 260 11.0 81.90 104.37 0.983 10475.62 805.82 956.45 10.02 17497.85 1246.94
260 x 260 12.5 91.90 117.04 0.976 11547.88 888.3 1062.76 9.93 19553.31 1381.37
300 x 300 6.0 54.70 69.63 1.179 9963.67 664.24 764.23 11.96 15433.82 996.78
300 x 300 7.1 63.90 81.45 1.169 11516.13 767.65 887.94 11.89 18161.09 1161.42
300 x 300 8.0 71.60 91.24 1.166 12800.69 853.38 990.67 11.84 20311.84 1292.67
300 x 300 8.8 78.40 99.84 1.162 13910.50 927.37 1080.07 11.80 22194.64 1406.43
300 x 300 10.0 88.40 112.57 1.157 15519.37 1034.62 1210.91 11.74 24965.66 1572.02
300 x 300 12.5 108.00 137.04 1.136 18348.13 1223.21 1450.60 11.57 30600.78 1891.80